[Setting]
parameter_count=2
size_x=7
size_y=5
size_z=1
[table0]
row0=2e+300                        45                            200                           440                           1150                          2000                          2500                                                                                                        
row1=1                             1.004333904                   1.00168771                    1.001832448                   1.002561983                   1.003718843                   1.004654901                                                                            
row2=1.3                           1.305337312                   1.301947797                   1.301968384                   1.302929744                   1.304482472                   1.30589321                                                                                
row3=1.45                          1.457444264                   1.452637434                   1.452697612                   1.45323753                    1.454237261                   1.455143617                                                                            
row4=10                            10.03914047                   9.99524289                    9.995276603                   10.00000038                   10.00985381                   10.0169665                                                                               
