[Setting]
parameter_count=2
size_x=8
size_y=6
size_z=1
[table0]
row0=2e+300                        45                            100                           200                           440                           1150                          2000                          2500                                                                                                                                                                                                                                          
row1=0.005                         0.005008912668                0.00499271102                 0.004993361574                0.004991838432                0.004993079997                0.005003622921                0.005008732349                                                                                                                                                         
row2=0.014                         0.01402343939                 0.01398542426                 0.01397970689                 0.01397792692                 0.01399104855                 0.01401607034                 0.01403596939                                                                                                                                                                  
row3=0.04                          0.04006325887                 0.03995981572                 0.03994307004                 0.03993806609                 0.03996300487                 0.0400184358                  0.0400699044                                                                                                                                                                     
row4=0.5                           0.5015757247                  0.5002832686                  0.5000365629                  0.5000138376                  0.500418241                   0.5013258348                  0.5020587026                                                                                                                                                                                    
row5=0.99                          0.9933051453                  0.9908809994                  0.9902042055                  0.9901921374                  0.9910809276                  0.9930268962                  0.994568587                                                                                                                                                                              
