[Setting]
parameter_count=2
size_x=8
size_y=7
size_z=1
[table0]
row0=2e+300                        45                            120                           220                           440                           1150                          2000                          2500                                                                                                                                                            
row1=0.005                         0.00501486899                 0.005001577637                0.005003303889                0.004997242406                0.005004182343                0.005009733625                0.005021800104                                                                                                        
row2=0.023                         0.02303640322                 0.02297003716                 0.02295957765                 0.02296180308                 0.02297883016                 0.02302582195                 0.02306196225                                                                                                              
row3=0.035                         0.03505791491                 0.03496213431                 0.03494993017                 0.03494826448                 0.03497175066                 0.03502502998                 0.03506781303                                                                                                                    
row4=0.17                          0.1705501509                  0.1700593263                  0.1699977137                  0.1699927575                  0.1701074918                  0.1703703458                  0.1705950576                                                                                                                        
row5=0.22                          0.2205325104                  0.2198981627                  0.2198342449                  0.2198303255                  0.2199996502                  0.220378475                   0.2206925619                                                                                                                        
row6=1                             1.003288763                   1.000437102                   1.000065779                   1.000079389                   1.000965437                   1.002897299                   1.004467105                                                                                                                                 
